<?xml version="1.0"?>
<opencv_storage>
<calibration_time>"2018年10月22日 星期一 14时29分38秒"</calibration_time>
<nr_of_frames>14</nr_of_frames>
<image_width>640</image_width>
<image_height>480</image_height>
<board_width>9</board_width>
<board_height>6</board_height>
<square_size>50.</square_size>
<fix_aspect_ratio>1.</fix_aspect_ratio>
<!-- flags: +fix_aspectRatio +fix_principal_point +zero_tangent_dist +fix_k4 +fix_k5 -->
<flags>6158</flags>
<fisheye_model>0</fisheye_model>
<camera_matrix type_id="opencv-matrix">
  <rows>3</rows>
  <cols>3</cols>
  <dt>d</dt>
  <data>
    6.5003036174559179e+02 0. 320. 0. 6.5003036174559179e+02 240. 0. 0.
    1.</data></camera_matrix>
<distortion_coefficients type_id="opencv-matrix">
  <rows>5</rows>
  <cols>1</cols>
  <dt>d</dt>
  <data>
    -4.3987324769981828e-01 3.4876024501604835e-01 0. 0.
    -2.9823658601742314e-01</data></distortion_coefficients>
<avg_reprojection_error>3.0422316510525221e-01</avg_reprojection_error>
<per_view_reprojection_errors type_id="opencv-matrix">
  <rows>14</rows>
  <cols>1</cols>
  <dt>f</dt>
  <data>
    4.07795608e-01 3.42867017e-01 3.95929664e-01 5.00579119e-01
    2.97575653e-01 2.91216880e-01 1.86144084e-01 1.80150419e-01
    2.70941347e-01 1.88323602e-01 1.90815389e-01 2.84329742e-01
    2.80872643e-01 2.42999554e-01</data></per_view_reprojection_errors>
<!-- a set of 6-tuples (rotation vector + translation vector) for each view -->
<extrinsic_parameters type_id="opencv-matrix">
  <rows>14</rows>
  <cols>6</cols>
  <dt>d</dt>
  <data>
    2.1621647405389818e-01 1.7572983252538615e-01 2.9717857771726442e-03
    -2.2588558948165843e+02 -9.3688246610288473e+01
    6.6746467620289275e+02 6.2048225582311978e-01 1.5447696244416698e-01
    -3.0979183450230353e-02 -2.5670830283418724e+02
    -4.4598092297155652e+01 6.3100895178312896e+02
    -3.8555257157174022e-01 2.5393496949768285e-01
    3.5285004458822752e-02 -2.9485686120240240e+02
    -6.8230940981496488e+01 8.4164683998278690e+02
    7.6159424501505091e-02 4.6872366712135316e-01
    -9.6400544009037845e-02 -1.5113733357451611e+02
    -4.8528451304428792e+01 7.7085110660307089e+02
    5.7948007856115324e-01 3.7156366388499840e-01
    -1.8372882086783049e-01 -2.0977617375413092e+02
    -7.1346477807166664e+01 7.2413364701825992e+02
    7.2298368613446119e-03 6.5482322847279506e-01 1.4522490279397038e-01
    -1.1262572176161565e+02 -1.4588029579438847e+02
    7.6237466620711950e+02 8.2810796404961792e-02 4.1116767142643862e-01
    -1.3524278233309610e+00 -3.8661268384019115e+02
    2.3938606955440923e+02 8.9204182447362928e+02
    -4.0243737048374327e-02 4.1050315341472399e-01
    -1.2370328359962626e+00 -4.4461426166707525e+02
    1.7020096974917072e+02 8.9661976551364887e+02 3.4925531683837663e-01
    3.7453305434075995e-01 -1.5337684640361373e+00
    -2.6919006410635950e+02 2.2277568225404457e+02
    8.2822757433646518e+02 -1.7594344683920601e-01
    9.5122818686070344e-03 -1.4629441040982956e+00
    -3.1602189620681781e+02 1.9680617196204511e+02
    8.7612780646751003e+02 -3.2948827455933788e-01
    5.7780204709823750e-02 -1.1550800218892230e+00
    -3.2515598965255862e+02 1.0577021333731665e+02
    8.4594170027345319e+02 -1.1488162305939527e-01
    3.0377368079623590e-01 -3.4368958373073349e-01
    -4.0791426075567870e+02 -3.5392037978910174e+01
    8.9449572700819783e+02 3.5887199043306689e-01
    -9.3160801830190362e-02 -7.1794474076210490e-01
    -2.8224943799768130e+02 6.7166767104485956e+01
    7.2084263685333212e+02 4.2266151255203038e-01 3.5300776845874404e-01
    1.9275304735814305e-01 -3.4948358012005292e+02
    -1.0730686480790175e+02 7.8955634340477479e+02</data></extrinsic_parameters>
<image_points type_id="opencv-matrix">
  <rows>14</rows>
  <cols>54</cols>
  <dt>"2f"</dt>
  <data>
    1.11553726e+02 1.53466721e+02 1.51925308e+02 1.51443939e+02
    1.95547180e+02 1.50555161e+02 2.42093994e+02 1.49523605e+02
    2.90485260e+02 1.48493164e+02 3.41008087e+02 1.48521774e+02
    3.92517212e+02 1.49153030e+02 4.44445953e+02 1.50356888e+02
    4.95542938e+02 1.51521378e+02 1.13959694e+02 1.99192307e+02
    1.54469345e+02 1.98542740e+02 1.97529282e+02 1.98490524e+02
    2.43430649e+02 1.98522095e+02 2.91512390e+02 1.98655563e+02
    3.41504120e+02 1.99498611e+02 3.92533142e+02 2.00522629e+02
    4.43456177e+02 2.01528656e+02 4.94192505e+02 2.03298782e+02
    1.17336456e+02 2.43678284e+02 1.57388382e+02 2.44569641e+02
    2.00078644e+02 2.45611023e+02 2.45536652e+02 2.46602142e+02
    2.92602966e+02 2.48006744e+02 3.41669342e+02 2.49482483e+02
    3.92297607e+02 2.50509933e+02 4.42514008e+02 2.51542847e+02
    4.91922668e+02 2.53529526e+02 1.21592819e+02 2.87484619e+02
    1.61083511e+02 2.89511993e+02 2.03106674e+02 2.91557037e+02
    2.47419556e+02 2.93544830e+02 2.94365570e+02 2.95493774e+02
    3.42370239e+02 2.97519409e+02 3.91494904e+02 2.99257507e+02
    4.40565399e+02 3.00492432e+02 4.89405396e+02 3.01600189e+02
    1.26347374e+02 3.29313904e+02 1.65136490e+02 3.32284363e+02
    2.06358704e+02 3.35526886e+02 2.50258926e+02 3.38145325e+02
    2.95512848e+02 3.40484589e+02 3.42500549e+02 3.43156311e+02
    3.90508179e+02 3.45027100e+02 4.38542938e+02 3.46444153e+02
    4.85940796e+02 3.47524261e+02 1.31495361e+02 3.68826569e+02
    1.69399460e+02 3.73162506e+02 2.09848236e+02 3.76815399e+02
    2.52596558e+02 3.80459625e+02 2.96851379e+02 3.83386688e+02
    3.42522797e+02 3.86327606e+02 3.89416809e+02 3.88432007e+02
    4.36001740e+02 3.89667633e+02 4.82072571e+02 3.90623596e+02
    7.27636948e+01 1.97367294e+02 1.13526070e+02 1.96513824e+02
    1.57739685e+02 1.95793060e+02 2.05692795e+02 1.95512024e+02
    2.56342651e+02 1.95474579e+02 3.09358551e+02 1.95474884e+02
    3.64467407e+02 1.96410034e+02 4.19486176e+02 1.96951859e+02
    4.74381348e+02 1.98497055e+02 8.50007553e+01 2.36512070e+02
    1.25130783e+02 2.37201813e+02 1.68138657e+02 2.37532990e+02
    2.14474716e+02 2.38501251e+02 2.63037262e+02 2.39325195e+02
    3.13717255e+02 2.40385483e+02 3.66136688e+02 2.41327744e+02
    4.18584412e+02 2.42553543e+02 4.71144073e+02 2.43396896e+02
    9.74251404e+01 2.73311676e+02 1.36333832e+02 2.74455109e+02
    1.78087891e+02 2.76474731e+02 2.22546585e+02 2.77590149e+02
    2.69276031e+02 2.79495972e+02 3.17603088e+02 2.80594116e+02
    3.67518402e+02 2.82485321e+02 4.17480133e+02 2.83343811e+02
    4.67468353e+02 2.84470917e+02 1.09359238e+02 3.06878326e+02
    1.47347458e+02 3.09450439e+02 1.87577423e+02 3.11592255e+02
    2.30455246e+02 3.13794830e+02 2.75024597e+02 3.16158936e+02
    3.21312561e+02 3.17496704e+02 3.68680389e+02 3.19422546e+02
    4.16502289e+02 3.20471436e+02 4.63897461e+02 3.21520660e+02
    1.20918152e+02 3.37680054e+02 1.57591873e+02 3.40892792e+02
    1.96548462e+02 3.43581451e+02 2.37818344e+02 3.46397064e+02
    2.80507935e+02 3.48661438e+02 3.24639618e+02 3.50802460e+02
    3.69756744e+02 3.52439453e+02 4.15451294e+02 3.53713776e+02
    4.60445953e+02 3.54695770e+02 1.31922211e+02 3.66119873e+02
    1.67458908e+02 3.69829224e+02 2.04878357e+02 3.72943115e+02
    2.44539627e+02 3.76002167e+02 2.85581085e+02 3.78589935e+02
    3.27567627e+02 3.80721954e+02 3.70584961e+02 3.82570435e+02
    4.13795685e+02 3.83987732e+02 4.56872742e+02 3.84976257e+02
    1.04320808e+02 1.89588776e+02 1.34500244e+02 1.87699493e+02
    1.66893768e+02 1.85544235e+02 2.01523529e+02 1.83653152e+02
    2.37790451e+02 1.81705002e+02 2.76375671e+02 1.80561981e+02
    3.16372925e+02 1.78507126e+02 3.57581787e+02 1.77544342e+02
    3.99467285e+02 1.76531006e+02 9.64848099e+01 2.23523621e+02
    1.27164711e+02 2.22504257e+02 1.59971237e+02 2.21459015e+02
    1.95097855e+02 2.20207916e+02 2.32402267e+02 2.19289597e+02
    2.71477203e+02 2.18129166e+02 3.12694672e+02 2.17498291e+02
    3.54832581e+02 2.16525452e+02 3.98475403e+02 2.15613281e+02
    8.89249649e+01 2.58494629e+02 1.19987129e+02 2.58560242e+02
    1.53161942e+02 2.58478088e+02 1.88929474e+02 2.58505646e+02
