<?xml version="1.0"?>
<opencv_storage>
<calibration_time>"2018年10月23日 星期二 10时54分27秒"</calibration_time>
<nr_of_frames>14</nr_of_frames>
<image_width>640</image_width>
<image_height>480</image_height>
<board_width>9</board_width>
<board_height>6</board_height>
<square_size>50.</square_size>
<fix_aspect_ratio>1.</fix_aspect_ratio>
<!-- flags: +fix_aspectRatio +fix_principal_point +zero_tangent_dist +fix_k4 +fix_k5 -->
<flags>6158</flags>
<fisheye_model>0</fisheye_model>
<camera_matrix type_id="opencv-matrix">
  <rows>3</rows>
  <cols>3</cols>
  <dt>d</dt>
  <data>
    6.3999499966557653e+02 0. 320. 0. 6.3999499966557653e+02 240. 0. 0.
    1.</data></camera_matrix>
<distortion_coefficients type_id="opencv-matrix">
  <rows>5</rows>
  <cols>1</cols>
  <dt>d</dt>
  <data>
    -4.0572592948706410e-01 1.4773815809581084e-01 0. 0.
    2.1460039521456714e-01</data></distortion_coefficients>
<avg_reprojection_error>2.8451690076031083e-01</avg_reprojection_error>
<per_view_reprojection_errors type_id="opencv-matrix">
  <rows>14</rows>
  <cols>1</cols>
  <dt>f</dt>
  <data>
    3.45662266e-01 3.66049856e-01 2.71361768e-01 2.42377102e-01
    4.01893228e-01 2.91355699e-01 2.42245033e-01 2.04417601e-01
    2.29621261e-01 2.82042176e-01 2.43997753e-01 3.49755704e-01
    1.94685519e-01 2.20281124e-01</data></per_view_reprojection_errors>
<!-- a set of 6-tuples (rotation vector + translation vector) for each view -->
<extrinsic_parameters type_id="opencv-matrix">
  <rows>14</rows>
  <cols>6</cols>
  <dt>d</dt>
  <data>
    1.7689386076704380e-01 -2.2485195889582898e-01
    3.0977172306042706e+00 2.6041272139053717e+02 1.1997693709302543e+02
    6.5517371860293702e+02 3.2108783852640943e-01
    -6.0268661030458326e-01 2.9696869548541702e+00
    2.8652890286214455e+02 7.5016195423336740e+01 6.7122743821090501e+02
    1.6285901327247340e-01 -4.3480774021076640e-01
    3.0214819561526025e+00 2.2978336354227048e+02 9.7772370935514559e+01
    6.6581492928999501e+02 1.5170399621780287e-01
    -9.1303503816411047e-01 2.9111140828874018e+00
    2.5572754083388747e+02 9.3695648526640852e+01 7.3331481938256547e+02
    4.3381264991532209e-01 2.0715124258850789e-01 3.0794301530000561e+00
    2.1009608908491671e+02 1.2969966065482743e+02 5.6703390493222832e+02
    8.9731634608765459e-02 -2.0137409521818975e-01
    3.1273464662515535e+00 5.6961872209185422e+01 1.4401191232376922e+02
    7.3723645317260582e+02 5.4684691097677363e-01
    -9.5866661200441378e-02 1.7966249720206671e+00
    -1.0366098473136709e+02 -8.8743558134737995e+01
    6.7572066424072921e+02 3.2632727592695637e-01
    -7.9379669454682489e-01 2.2141663778435281e+00
    1.5209410075780337e+02 -3.9307740300990829e+01
    6.8707375151916199e+02 -5.9907410286268659e-01
    2.9509447891264717e-01 -2.6644516627611909e+00
    1.5038113694946711e+02 1.6163767066257213e+02 6.9497941190874826e+02
    -2.6535731584072630e-01 1.8888912567227545e-01
    -2.7579353307605055e+00 1.8104796883246692e+02
    2.1637705035663072e+02 6.9674341846620041e+02 5.1776955533258828e-01
    2.5713438898428581e-01 1.8412656061940846e+00 2.3635108415043572e+02
    -1.2799122050562323e+02 6.6174094305826975e+02
    -9.9639181670317489e-02 -3.4002752178921503e-01
    1.5420610677702140e+00 -3.8925568864634975e+01
    -1.6637833436970243e+02 7.5339576847611715e+02
    2.5438627934590140e-02 -6.9172524731846485e-01
    2.7176323170223791e+00 1.4385291771476525e+02 1.0769933058944549e+02
    7.8671813564351919e+02 1.5966733973912767e-01
    -1.0810957220464916e+00 2.8476146973171810e+00
    1.1636645239446779e+02 1.4068806564954153e+02 7.9968281424267059e+02</data></extrinsic_parameters>
<image_points type_id="opencv-matrix">
  <rows>14</rows>
  <cols>54</cols>
  <dt>"2f"</dt>
  <data>
    5.55752686e+02 3.49312988e+02 5.13306030e+02 3.51537292e+02
    4.68719330e+02 3.53388550e+02 4.23444427e+02 3.54532806e+02
    3.77466949e+02 3.55483551e+02 3.31481232e+02 3.56011993e+02
    2.85945343e+02 3.56015167e+02 2.42009171e+02 3.55434479e+02
    1.99108734e+02 3.54635620e+02 5.58516174e+02 3.05528870e+02
    5.15103882e+02 3.07348083e+02 4.70024506e+02 3.08673615e+02
    4.23513184e+02 3.10292725e+02 3.76605103e+02 3.11094940e+02
    3.29727386e+02 3.11651215e+02 2.83428406e+02 3.12092102e+02
    2.38484787e+02 3.12398865e+02 1.95092087e+02 3.11826294e+02
    5.60467468e+02 2.60177002e+02 5.16487854e+02 2.61434814e+02
    4.70502106e+02 2.62479065e+02 4.23469147e+02 2.63498138e+02
    3.75534363e+02 2.64522644e+02 3.28391205e+02 2.65494232e+02
    2.81111664e+02 2.66485474e+02 2.35405731e+02 2.67066925e+02
    1.91432861e+02 2.67548096e+02 5.61148926e+02 2.13225433e+02
    5.16523071e+02 2.13592514e+02 4.70482819e+02 2.14513367e+02
    4.22504547e+02 2.15511902e+02 3.74480103e+02 2.16517883e+02
    3.26503387e+02 2.17632263e+02 2.78507050e+02 2.19261124e+02
    2.32521759e+02 2.20507324e+02 1.88245468e+02 2.21838181e+02
    5.60532227e+02 1.65635971e+02 5.15909912e+02 1.65652130e+02
    4.69535858e+02 1.66337265e+02 4.21483429e+02 1.66852112e+02
    3.72626862e+02 1.68295319e+02 3.24529480e+02 1.69465317e+02
    2.76557892e+02 1.71465668e+02 2.30078140e+02 1.73482269e+02
    1.85524200e+02 1.75837082e+02 5.59383972e+02 1.18344574e+02
    5.14507935e+02 1.17565369e+02 4.67604126e+02 1.17560051e+02
    4.19521820e+02 1.18395088e+02 3.70885925e+02 1.19543655e+02
    3.22556824e+02 1.21420540e+02 2.74465149e+02 1.23442566e+02
    2.27551483e+02 1.26362106e+02 1.83332474e+02 1.29557739e+02
    5.73052124e+02 3.06574036e+02 5.31149048e+02 3.09393005e+02
    4.87992279e+02 3.11367493e+02 4.44345917e+02 3.13488861e+02
    4.00778564e+02 3.15316925e+02 3.57669006e+02 3.16496094e+02
    3.15202972e+02 3.17556732e+02 2.74407257e+02 3.18426453e+02
    2.35048294e+02 3.18754517e+02 5.75342224e+02 2.66622437e+02
    5.32133118e+02 2.69051544e+02 4.87524414e+02 2.71458099e+02
    4.42271362e+02 2.73727173e+02 3.97365845e+02 2.75412262e+02
    3.52758606e+02 2.77592773e+02 3.09073486e+02 2.79513489e+02
    2.67082581e+02 2.80838837e+02 2.26984055e+02 2.82179169e+02
    5.76891907e+02 2.24476440e+02 5.32343567e+02 2.26462036e+02
    4.86626251e+02 2.28812302e+02 4.39990814e+02 2.31530594e+02
    3.93582672e+02 2.33816635e+02 3.47696686e+02 2.36509583e+02
    3.02764343e+02 2.38689407e+02 2.59770386e+02 2.40671890e+02
    2.18540161e+02 2.43100037e+02 5.77267212e+02 1.79495056e+02
    5.31695862e+02 1.81453583e+02 4.84579742e+02 1.83409103e+02
    4.36775513e+02 1.86397156e+02 3.89107727e+02 1.89456528e+02
    3.42143127e+02 1.92213303e+02 2.95986572e+02 1.95466797e+02
    2.52124924e+02 1.98932465e+02 2.10248901e+02 2.02139053e+02
    5.76557739e+02 1.32630280e+02 5.29952271e+02 1.34467209e+02
    4.81952454e+02 1.36841370e+02 4.32719391e+02 1.39481186e+02
    3.84030731e+02 1.42860199e+02 3.35923859e+02 1.46726456e+02
    2.89071045e+02 1.50954895e+02 2.44133606e+02 1.55031906e+02
    2.01792755e+02 1.59581116e+02 5.75005798e+02 8.45001907e+01
    5.27742310e+02 8.61069794e+01 4.78670868e+02 8.85037689e+01
    4.28529510e+02 9.11745224e+01 3.78682281e+02 9.50247879e+01
    3.30007507e+02 9.96609879e+01 2.82291473e+02 1.04580688e+02
    2.36729996e+02 1.10146255e+02 1.93480103e+02 1.15659874e+02
    5.28504028e+02 3.29095825e+02 4.85202240e+02 3.33179443e+02
    4.40491638e+02 3.36597473e+02 3.94666931e+02 3.39517761e+02
    3.49264801e+02 3.42448730e+02 3.04011688e+02 3.44466736e+02
    2.59525208e+02 3.46513397e+02 2.16852371e+02 3.47486877e+02
    1.75681381e+02 3.48626617e+02 5.29537231e+02 2.87049255e+02
    4.85292328e+02 2.90511200e+02 4.39245148e+02 2.93777710e+02
    3.92403839e+02 2.96987274e+02 3.45335785e+02 3.00387451e+02
    2.98817383e+02 3.03011108e+02 2.53425644e+02 3.05344788e+02
    2.09475983e+02 3.07311554e+02 1.67649902e+02 3.08800171e+02
    5.30328125e+02 2.42261810e+02 4.84505798e+02 2.45463791e+02
    4.37531372e+02 2.48934769e+02 3.89185455e+02 2.52338898e+02
    3.41241364e+02 2.55336121e+02 2.93635590e+02 2.58473297e+02
