<?xml version="1.0"?>
<opencv_storage>
<calibration_time>"2018年10月15日 星期一 22时29分33秒"</calibration_time>
<nr_of_frames>8</nr_of_frames>
<image_width>640</image_width>
<image_height>480</image_height>
<board_width>9</board_width>
<board_height>6</board_height>
<square_size>50.</square_size>
<fix_aspect_ratio>1.</fix_aspect_ratio>
<!-- flags: +fix_aspectRatio +fix_principal_point +zero_tangent_dist +fix_k4 +fix_k5 -->
<flags>6158</flags>
<fisheye_model>0</fisheye_model>
<camera_matrix type_id="opencv-matrix">
  <rows>3</rows>
  <cols>3</cols>
  <dt>d</dt>
  <data>
    5.4299127246952173e+02 0. 320. 0. 5.4299127246952173e+02 240. 0. 0.
    1.</data></camera_matrix>
<distortion_coefficients type_id="opencv-matrix">
  <rows>5</rows>
  <cols>1</cols>
  <dt>d</dt>
  <data>
    -3.0214037202045729e-01 1.5737494898349835e-01 0. 0.
    -6.7916535483284940e-02</data></distortion_coefficients>
<avg_reprojection_error>5.1804977154954568e-01</avg_reprojection_error>
<per_view_reprojection_errors type_id="opencv-matrix">
  <rows>8</rows>
  <cols>1</cols>
  <dt>f</dt>
  <data>
    1.84248686e-01 1.19247663e+00 2.62380987e-01 2.53399938e-01
    4.28940028e-01 2.35481814e-01 3.18152517e-01 4.66196209e-01</data></per_view_reprojection_errors>
<!-- a set of 6-tuples (rotation vector + translation vector) for each view -->
<extrinsic_parameters type_id="opencv-matrix">
  <rows>8</rows>
  <cols>6</cols>
  <dt>d</dt>
  <data>
    1.7338271316492215e-01 3.1084850355478549e-01 1.2871080847760062e-02
    -1.1668863811455337e+02 -2.2481166268921683e+02
    8.1370132028927196e+02 3.9472565688247307e-01 6.8983905922192035e-01
    -1.3465274260196183e+00 -8.7486716697109685e+01
    1.5986797970566542e+02 7.2000675929218824e+02
    -2.6992447912161149e-01 2.2059737286346903e-01
    3.6160708346965403e-01 -5.3158387449843374e+01
    -2.0577941293885863e+02 6.4533622591060953e+02
    -1.0819178373405552e-01 2.7568083140203964e-01
    1.5441318254808404e-03 -1.6915426107692664e+02
    -1.4004503577369709e+02 6.7560145486987381e+02
    -2.6558608531490396e-01 4.5824502642345372e-01
    1.3217888511852638e+00 1.4341930452637700e+02
    -2.3507519492521067e+02 6.3493969670617935e+02
    4.3941208915455632e-01 3.1858002766787363e-01 1.6430841491916925e+00
    3.6365571458930407e+02 -1.3694485781818801e+02
    6.7102495743721215e+02 2.2191957019327213e-01 3.6966458336346303e-01
    1.8683393963450772e+00 7.1751944189368302e+01
    -1.4992946433911683e+02 7.8353215848215518e+02
    -5.5935356850190771e-02 5.0434187213196002e-01
    1.7593903708327407e+00 1.8455632420687294e+02
    -1.8058413755075972e+02 6.3284810299532069e+02</data></extrinsic_parameters>
<image_points type_id="opencv-matrix">
  <rows>8</rows>
  <cols>54</cols>
  <dt>"2f"</dt>
  <data>
    2.44405670e+02 9.41366806e+01 2.74396088e+02 9.22100906e+01
    3.05502594e+02 9.03100586e+01 3.38305023e+02 8.87956009e+01
    3.71721466e+02 8.78836594e+01 4.06455719e+02 8.67118835e+01
    4.41636200e+02 8.62466965e+01 4.77623291e+02 8.62217560e+01
    5.13767822e+02 8.65303192e+01 2.44893936e+02 1.26181046e+02
    2.74704620e+02 1.24873398e+02 3.06057220e+02 1.23979919e+02
    3.38623779e+02 1.23085983e+02 3.72249542e+02 1.22286491e+02
    4.06671326e+02 1.22142586e+02 4.42097015e+02 1.22085098e+02
    4.78008087e+02 1.22238266e+02 5.14272583e+02 1.22783127e+02
    2.45354797e+02 1.58276627e+02 2.75250854e+02 1.58048584e+02
    3.06546570e+02 1.57648834e+02 3.38891785e+02 1.57397812e+02
    3.72387268e+02 1.57420120e+02 4.06800232e+02 1.57495026e+02
    4.42113190e+02 1.57883987e+02 4.77914093e+02 1.58322647e+02
    5.13887146e+02 1.59372375e+02 2.46349136e+02 1.90388916e+02
    2.75859741e+02 1.90522964e+02 3.07082947e+02 1.91064972e+02
    3.39263794e+02 1.91560181e+02 3.72576019e+02 1.92044327e+02
    4.06767487e+02 1.92521332e+02 4.41712402e+02 1.93620926e+02
    4.77409149e+02 1.94334564e+02 5.13077637e+02 1.95624191e+02
    2.47350754e+02 2.22271927e+02 2.76916626e+02 2.23403320e+02
    3.07566559e+02 2.24259003e+02 3.39553436e+02 2.25400284e+02
    3.72705658e+02 2.26322830e+02 4.06592896e+02 2.27646729e+02
    4.41250336e+02 2.28630905e+02 4.76691223e+02 2.30029556e+02
    5.11917908e+02 2.31577850e+02 2.48924118e+02 2.53592163e+02
    2.77595367e+02 2.55094910e+02 3.08492584e+02 2.56515228e+02
    3.40014648e+02 2.58242188e+02 3.72683990e+02 2.59908356e+02
    4.06221436e+02 2.61701294e+02 4.40502106e+02 2.63232819e+02
    4.75321808e+02 2.64625092e+02 5.10364929e+02 2.66202515e+02
    2.56438416e+02 3.62335632e+02 2.55237549e+02 3.34424438e+02
    2.54305267e+02 3.08908417e+02 2.53285324e+02 2.80396210e+02
    2.52632645e+02 2.48559570e+02 2.51751678e+02 2.12814545e+02
    2.51259506e+02 1.72682373e+02 2.51095459e+02 1.27983505e+02
    2.51463165e+02 7.81900940e+01 2.91015137e+02 3.69226959e+02
    2.92614044e+02 3.43450134e+02 2.93632965e+02 3.18090576e+02
    2.95141296e+02 2.89763519e+02 2.96853302e+02 2.58062897e+02
    2.98762482e+02 2.22360321e+02 3.01109711e+02 1.82124344e+02
    3.03762482e+02 1.36982285e+02 3.07057343e+02 8.67120438e+01
    3.27583435e+02 3.77661133e+02 3.30838654e+02 3.52218933e+02
    3.34245605e+02 3.27160858e+02 3.38061584e+02 2.99222717e+02
    3.42266541e+02 2.67763641e+02 3.47086670e+02 2.32245316e+02
    3.52377838e+02 1.92209808e+02 3.58425873e+02 1.46961563e+02
    3.65127014e+02 9.67773743e+01 3.63314178e+02 3.86136749e+02
    3.69524048e+02 3.60486084e+02 3.75276794e+02 3.36097015e+02
    3.81592224e+02 3.08356354e+02 3.88453583e+02 2.77457062e+02
    3.96135986e+02 2.42338501e+02 4.04605469e+02 2.02723602e+02
    4.13966675e+02 1.57759872e+02 4.24129974e+02 1.07841232e+02
    4.01030426e+02 3.91367462e+02 4.08463379e+02 3.68606415e+02
    4.16432281e+02 3.44544006e+02 4.25239075e+02 3.17361603e+02
    4.34802765e+02 2.86784515e+02 4.45283203e+02 2.52392487e+02
    4.56842773e+02 2.13545944e+02 4.69520477e+02 1.69350540e+02
    4.83134064e+02 1.20094322e+02 4.35319031e+02 4.02528687e+02
    4.46714478e+02 3.76146393e+02 4.56984894e+02 3.52432404e+02
    4.68076294e+02 3.25776184e+02 4.80230011e+02 2.96078125e+02
    4.93467560e+02 2.62406525e+02 5.07863831e+02 2.24147812e+02
    5.23488831e+02 1.81126923e+02 5.40095825e+02 1.33088364e+02
    2.77198242e+02 7.22000732e+01 3.13966797e+02 8.12469788e+01
    3.52993896e+02 9.10315475e+01 3.93239258e+02 1.01986557e+02
    4.34717651e+02 1.13616074e+02 4.77101898e+02 1.26355492e+02
    5.19730774e+02 1.39578613e+02 5.62361755e+02 1.53603806e+02
    6.03783081e+02 1.68298279e+02 2.60032440e+02 1.05360069e+02
    2.97559204e+02 1.15205727e+02 3.37173798e+02 1.26309021e+02
    3.78443329e+02 1.38130966e+02 4.21073700e+02 1.50895813e+02
    4.64538147e+02 1.64448608e+02 5.08507202e+02 1.78626068e+02
    5.52411926e+02 1.93252350e+02 5.95453796e+02 2.08166550e+02
    2.42459503e+02 1.40619186e+02 2.80194244e+02 1.51809570e+02
    3.20520203e+02 1.63921432e+02 3.62620758e+02 1.77013184e+02
    4.06076813e+02 1.90710266e+02 4.50688995e+02 2.05274017e+02
    4.95932495e+02 2.20156830e+02 5.41217590e+02 2.35304169e+02
    5.85324402e+02 2.50700684e+02 2.24163940e+02 1.77896988e+02
    2.62495056e+02 1.90555817e+02 3.03179779e+02 2.03903885e+02
    3.45796539e+02 2.18188370e+02 3.90001038e+02 2.32976959e+02
    4.35590149e+02 2.48380234e+02 4.81948364e+02 2.64086853e+02
    5.28269165e+02 2.79972595e+02 5.73573364e+02 2.95578857e+02
    2.05904083e+02 2.17124390e+02 2.44137085e+02 2.31029373e+02
    2.84989044e+02 2.45746170e+02 3.27996521e+02 2.61403900e+02
    3.73095520e+02 2.77375000e+02 4.19448242e+02 2.93759735e+02
    4.66535461e+02 3.10290375e+02 5.13827026e+02 3.26687714e+02
    5.59883240e+02 3.42758240e+02 1.87298447e+02 2.57431458e+02
    2.25443558e+02 2.72791901e+02 2.66599609e+02 2.89137543e+02
    3.09979614e+02 3.05964233e+02 3.55302032e+02 3.23213318e+02
    4.02115967e+02 3.40501343e+02 4.49852417e+02 3.57672058e+02
    4.97804413e+02 3.74592224e+02 5.44753479e+02 3.90712280e+02
