<?xml version="1.0"?>
<opencv_storage>
<K1 type_id="opencv-matrix">
  <rows>3</rows>
  <cols>3</cols>
  <dt>d</dt>
  <data>
    6.4720426066519360e+02 0. 3.1969443825489310e+02 0.
    6.4316052591215180e+02 2.5533308982927457e+02 0. 0. 1.</data></K1>
<D1 type_id="opencv-matrix">
  <rows>1</rows>
  <cols>5</cols>
  <dt>d</dt>
  <data>
    -4.0304666920587895e-01 -3.5933969538116286e-03
    -1.6727207175514511e-03 -6.4670244696587390e-05
    7.2232009196663671e-01</data></D1>
<K2 type_id="opencv-matrix">
  <rows>3</rows>
  <cols>3</cols>
  <dt>d</dt>
  <data>
    6.4902528787622566e+02 0. 3.2521616234193635e+02 0.
    6.4473508377077906e+02 2.6508736777620186e+02 0. 0. 1.</data></K2>
<D2 type_id="opencv-matrix">
  <rows>1</rows>
  <cols>5</cols>
  <dt>d</dt>
  <data>
    -4.3339593131886445e-01 3.0769011954566911e-01
    -1.8451029118837419e-03 5.7969410584902340e-04
    -1.9838968868930332e-01</data></D2>
<R type_id="opencv-matrix">
  <rows>3</rows>
  <cols>3</cols>
  <dt>d</dt>
  <data>
    9.9993576643277493e-01 -1.3660055383999509e-03
    1.1251534889433453e-02 1.2553156941503755e-03 9.9995080841937056e-01
    9.8389493318821394e-03 -1.1264421467927119e-02
    -9.8241931127388202e-03 9.9988829278008684e-01</data></R>
<T type_id="opencv-matrix">
  <rows>3</rows>
  <cols>1</cols>
  <dt>d</dt>
  <data>
    -6.6638366535912567e+01 -2.9038636890873444e+00
    -7.9538132231958503e-01</data></T>
</opencv_storage>
